811
7703764755511913
7507326546467487
7774201364517203
3917542402655286
5696965763046253
9817668777991299
5684345006220892
3040583557308439
9784915853506225
1516250173624785
7929028215867055
3664043456596015
7301299055533397
8636865183523758
2227267297058744
2759739547572253
6893080331746991
7527610615551629
1299065756349454
1901510943961229
1688695045757800
4962528612568544
5014418702675471
6768965026326778
5324169153803618
4141295959629679
2318734778726731
4323969404733809
1912538244700779
0444141795811134
2506024790905784
2126426787109123
3908703786879491
4549145061004951
1073724016992000
9714741534185949
6723215301028662
7988971131541050
0083552435774234
2329447193271347
9967774864609263
0682232605625618
9301142756965530
5676424306234928
2464025231364044
0569338783499950
3928296301125016
9206747189058907
0918605748842774
2921537220536597
9765385247468735
7624336670115088
6925635533146469
4329296550834303
1715827191928809
2676413292591820
1956308932367518
9733274364264545
2940851619035805
1256336835372958
4263856174142516
2299756191747775
3241292525654128
8692196700642517
1808948703791752
5959261053887820
1409102671430347
1054934427287552
9019541477873014
3465723874839472
1718856441341606
5158633904091347
9813159042381936
9420797204480147
1793381192338341
0353852231365163
0058911363179414
2888966807941739
5869837714962686
1617881928481887
0302060724350612
1535191865731346
0753287567084501
2200907452278015
2954589251759418
8858023353904719
6061196723900777
7265753673949919
3070789167465669
6317950179461374
8311759578833160
7458713797488799
9342180032979321
6100525025015151
8343525199020178
7829832164870493
0834744276069216
4999883742402590
4691280750642690
0024715753954831
0772891373820947
5718532498385260
7699643997810516
9668373964848238
1434128013407278
0029591339561855
4546809655036064
8311137941087952
3763471025119869
6539491611775991
4202909324155988
2305113587265275
9701083875832566
3751698796978234
2965231342712404
8771786581302778
7222054505193166
6978333009352552
1602148219073550
9916441439504317
7853953568755761
8578014416926486
9909513554531949
1098084605783640
8190856096786353
0684235761969558
8250720649179868
1334100587819987
8479319257304748
7117126769847063
6023753054708092
6787922220518084
7945216425039728
1043449980479823
6576010987248987
6819261761360112
9212781784537776
9651892580124708
4976999932672540
5818380250008039
6427347916168064
7642023119643136
3775570472449932
3350658989656599
5721898274557662
8940638381411321
6907518023171285
5959993473689925
2121100561984171
4849324687400578
7121941482888506
0406129490010623
6867056432097629
7784459867189739
3309408015435894
0975847552871203
6427245341103964
7575608529637076
3995594897798201
4920241565689575
8389994261220823
2802028492522777
0235973433727753
1101909546681261
9073906165250199
9566499282443243
3611980338349541
6120541125191588
8460662361416630
0693556701547252
2406512118179377
3676383956710458
5058274434757650
1583236439375438
5216361863212963
7673700116536267
1279233283617765
9082190608676810
1159678761417394
9195850109071286
7911264694915324
4710130925356395
8260010872735496
5043859813639107
0768457617556486
8180553772140849
9691986518410453
0793896020298296
1567783665111317
5680158479823210
6410629246606279
2613171352924879
8962579846500889
7680025261709866
7665677310487128
9085854635583764
2790418270028521
7891342044975062
5430301686554657
5312455744511876
8505486112594531
1475731078360485
3232032631705078
5972734860271541
8907568708136685
7678527803601257
2333445879147023
4467002374369829
5694155654329467
4448619473091390
9065412740257072
1032465094314635
6682110398954787
2679461107424791
9523282142561012
1110055563025377
6164678428036988
5794114161379784
4045922324188335
5253059379184537
2756455955900998
3321385235777079
6253850316015709
7561351751358347
4764298257256105
4460123888584896
7973710874001403
8066451125030739
7380744872613758
2747158396241584
2736350434801869
1649999672522878
4591675932000689
8265639489375175
3802810964447037
2159395093203542
1003886140543050
3336775369091871
3473010307502617
6378376353344971
5036990812641925
5858013902618003
3477985263189419
0836664774688810
1969366634046757
7782410415038058
5806053773462806
0568562146006099
0356023269926696
8592254926056478
8093063809326218
9490208071400948
5665349815997366
3294539535805437
5316098988164505
2178449153989707
8232691258952227
1218928959741141
5159526457332368
2704420955492192
8095446980736543
0666381314371321
3633200001217901
6376464051822128
0794812901706363
1263233572290440
3246327704807722
0733340703540179
5492272412933681
3621804189941698
3794647788690003
5988258155998143
5563321841504658
0698510335750773
8403883703946914
2792673449121785
9519854382619300
7045680753762878
2085792457855953
0277004382132847
4857467450226190
3178397890230963
6005471740862227
0710264506919721
4723417903918891
3557046419597656
2897181737791679
0827503190625871
7279869369275156
4052442566220251
8341084172156792
0162062206397661
5510153802745529
0195633494829585
5920013791594330
5916166636295684
2298255702626440
2253758759499138
6010441285108008
3435329230292212
2562524570508725
7512056491871636
2331979656825933
8075580298017665
8523528780464832
1432336979939842
0417285704642289
7357638139977700
6074911808602137
3770351537618638
3176928085905333
9026716743513749
2475284043769295
8385535887813214
5237959506041706
0728213416971622
9138773244980466
9641475283187472
8954350007673826
1089233408656217
1875026567921816
0264784257025988
2797565698230657
9183239780627826
0522285318951732
8976046900097504
0805012729381904
3409218872093812
8286256995969446
2854858962690641
8780441166386049
1822534190779409
7287291091329536
9539621837367235
7290934244794716
0786448441021955
8933189157574594
4662857204774250
6488720081062442
3811609862694539
1980043618021705
3846369067324431
5453679278136847
7350018369105433
5228085165497911
1141257946074868
5303216689191089
0081230164286817
5646626818377634
3910541903453433
1815542035028498
7590579843038947
5880201994441598
9424701652204894
4766377471234158
7287692217040339
4649033879986247
0423671364141388
5266766192656688
4498436623226192
7883861294251722
5692695233859113
8134140926856726
0360155485501684
0234953101972387
5880933177539235
3929625859793000
1974456243400933
2032369110254096
3249195497177143
7528550503124586
3491826174982234
2979933995616220
5307212029910473
8170022560031215
2461960558784061
9080150592119891
2937050739735777
3947012880599077
7481203213360756
6561096956536079
5435334561705619
6620841420595592
8967447629609281
1502468343947473
0863263209007745
5074835590365953
6635225161376716
1957597771343094
4378183026835343
7967371406426498
8786164801710008
9381103025355874
6024155870396088
9904436267810613
4746146999886795
1354881441908159
1179166259465454
8420073529209436
5801710866650863
0234174903150333
0079331316554017
1192676708131135
0788075872407651
3478601887488477
9472664929406038
9850082378468281
9893622515836367
1195599111433182
9759912362530481
0731166760696738
7847760435205567
9294140002563082
7508320631439772
4766672792726500
5297743062901635
9362059702642711
3419864712980618
7044296032925088
0390240490879123
8702269123778206
0496772684343925
6408364876739225
9153644004319884
9792926265235317
3246596181537558
7191218060193095
2641459063530774
4049113293391788
5057039446777736
1309860153490096
0478480046555727
6087693921807885
9011030583695368
1182917885499690
0706214223879844
4346901589025242
3107439457918636
1779331586514780
7198380931613895
7151150382191904
6575673465551134
8120405827256779
4766597320435788
2652626904398231
3049097178229576
9607646160646696
9540659849172581
5135316579934567
8475324513103380
9818156837009484
6336637728901048
1029531229984265
2945684196731524
9909262443998393
8469994200165716
7152147694104435
2292034710912385
1143911702553916
5283054976231415
6511821137992547
5540401544085110
5780505161181769
0378566647527517
2327674754723901
6839474312894496
0536799703211379
5906829577519109
8799532091478034
5628160615842937
0956320057983934
8701470752442293
7719538989864282
7785819098190620
0152869040516040
0908132876396499
3103594202382621
5798885536551155
8902715553253057
0151313479718241
0033592118656645
5423029446102175
8400000996749165
7239390626768094
2799084535155014
0462439658489682
3880635391367735
4272478867742954
9035150683604179
3876910563931859
0501059069261501
1385866434681845
3176009268161978
3481038784559513
6027193656193115
5381030073300017
3729693613009064
2661935813677187
2982489706992109
7661581442246372
3835864733821065
3757710993494171
1015142081214700
8855016756542301
1826167739184380
7103976947017379
5262925381720980
6441989561840492
4453262539985494
5885158036007797
2887978441502621
6465947054307053
2660191426772588
0805401099927603
8864065832968014
5613161391816459
9224108277192244
0795245632199044
2321808369219807
1985562858692804
9241751460782214
8811391681416576
4433087824027686
4528069325544220
2409512706555768
4570928450781395
3322544082434511
4038598016372989
7534880088727568
9889019646090651
4998780447326404
0009912978940659
4100550508073060
5479441977966136
7188231055217082
5280564343193989
0244980652440625
0746786152038069
3618434047643127
9441304057083443
4614573917376857
8361549028157576
5224406471777917
9256667634647177
8486502245600402
3469723083006324
4794789011456659
4931562401175932
9288436908905231
8084778381843289
1910952934806857
7297628038853532
0843315733482506
5447665054453407
6667326941308383
4368412851454375
7915062434194431
6481193514815708
7480471874427803
8020066695825967
1152402633230488
0611496337753148
3840504701882985
8565395459967266
9693614062894892
5326619626254736
2405420366367651
0937860689197851
8883567245100337
7052866653453534
5686856006083882
7985595173595724
3106899827567189
2894993708367748
8923439246423199
7721990639838981
4946161496727342
2250180722849690
9726889118892117
2356319958847589
0795680026192648
0929149963065083
7498533222727092
4694114197885792
4456598137155724
2349620569070937
7293006001548551
5260099984933734
0334356954745280
6324409590741742
8533050981156497
1197747219829697
5271285693356874
7810392704710112
7894642106240966
0568744341893201
0473742366005609
3791824942946573
3320092792716527
0569956842940513
2111620800671899
6854185846610364
2400398769983777
0992598200678347
0419685127771590
8635802926603543
6616846530420520
0509810435616227
4395782695865831
5636664919808503
9954410290954762
5990772522046446
3247170798596049
4494437687997448
2391248218375320
2785836131608800
6596063766415048
3327526384071268
5825046282446498
9837846126109361
9000084968930804
2631092478615905
7398664933160512
5606459034270283
9061040842836117
2070130167959845
5018157421525653
9048783297714952
5902834690272538
8236934526736753
1341959544821545
1434412223002301
4355039871931910
7060301051251699
0612610467975578
6474345398540232
1038731693976529
0568032872313501
1157981756771656
7236144220489395
8511508064341593
0084161402005633
3762590837131043
1436365687358097
0246030916149939
3542486461687224
3298018435464192
5319168354376586
6375660561135543
4999462635334158
3895553521857273
9559221095805024
9733146861587079
0139007008081081
3093793543823366
8878079526534725
5069775043988817
1224835674934532
3226731304349617
1262732344144173
5400105594082765
0721169292202970
8068706675844957
9141520283499067
4778897467677250
4280464378314323
4102403044876010
3470900089925059
8764683358983916
0493561712887247
6430333329785446
7205066347326935
7498819822075871
5608563649146564
8151616552887508
9685142999473032
3179123008990162
5807094959957425
1195809941473876
4664327928775578
0721643334699463
1539827406971827
1163631487571922
6915034509104097
0716454907725046
0084599904391884
4194762874430310
5961369547967817
6910738574447999
6226399609459062
0035837962851738
0931337698063736
8695361604201901
8040474678912370
3321176663738027
8975229874443551
2664872062747072
7084542141139278
9150985145094023
7013994121835044
7675142082910794
2576973718033062
8237982491052722
4797134347370221
7800812571310093
3384683470721752
4043816475887981
2161394664387369
8059891507721733
3194721233301023
4130364979500428
6431819749363818
6803660513329799
7985729897936233
8111237460513487
6632573873498896
3880023039772077
4539748044421608
3035184222985228
3582247567965039
8956597153741452
7748710904236997
2329196483693869
4953920197957647
7508473605212170
2111426730266249
3209863897581854
6290353694282547
3489455831020500
4679305052970964
5102149265558108
9377035298758103
9659490848570923
6647182016929628
5733613289657772
0882032702393543
5262639358274712
8576968963986683
6641107415168673
4909979718168302
8404703241161709
3893973675499512
9657916303748439
9165931380660944
7066874862642810
8382928578319322
4332972365213867
1076164908479957
6109979119345069
0698454870571823
5172871634379461
2458711188932325
8317713787863302
2552076597437861
4751182384132604
2537347867474224
8462767953281761
2405075214776405
4762060168474650
7445251291398069
5837208758104603
1213061840719217
1399032424951847
2319084744420516
6162966550303372
6337679286699621
4458455613360383
3499548768721950
5865636505558842
9592902344909377
5059447154942572
7644968246690911
1710287793338566
9140422567983976
9924569012453363
9574427728470782
7032475228906310
9568402967812656
8122546083462760
3414309428567340
3779037281946424
6325243534141061
0119264329846551
6409875339856028
4025504720359888
9719479263610536
3945846172354921
1218050252846719
1231459437048575
6740981084740649
5753152574288380
4739165417113619
9093465301204723
4689083249616742
6703918189827816
6870067738227519
3469730070312524
2018887982961003
8515280582756083
0129060117484620
5137447990240520
8159849079782468
3083625587006575
7044845341357478
8271851691587917
9035277525033391
0067850468644303
6887727147895650
7133636015052430
2174725092875543
1794044888566675
